0,0.000000,0.000000
0.5,0.000000,0.000000,4,75.2183,3,102.145
1,0.000000,0.000000,4,78.6624,3,107.781
1.5,0.000000,0.000000,4,78.3493,3,106.842
2,0.000000,0.000000,0,50.6399,4,74.5921,3,103.084
2.5,0.000000,0.000000,0,52.9882,3,104.65,4,76.4707
3,0.000000,0.000000,0,54.084,3,105.589,4,77.5666
3.5,0.000000,0.000000,0,53.6144,4,77.0969,3,104.806
4,0.000000,0.000000,0,52.5185,4,75.688,3,103.397
4.5,8.440101,8.440101,0,52.9882,4,76.1576,3,103.867
5,0.000000,0.000000,4,76.7838,3,104.493
5.5,0.000000,0.000000,0,53.6144,3,104.493,4,76.7838
6,0.000000,0.000000,0,53.7709,4,76.9404,3,104.493
6.5,0.000000,0.000000,0,55.3364,4,78.3493,3,105.746
7,0.000000,0.000000,3,105.276,4,76.7838
7.5,0.000000,0.000000,3,104.963,4,76.3142
8,0.000000,0.000000,4,77.0969,3,105.276
8.5,0.000000,0.000000,0,54.2406,3,104.806,4,76.9404
9,0.000000,0.000000,0,54.3971,4,77.0969,3,104.806
9.5,0.000000,0.000000,4,76.7838,3,104.65
