0,0.000000,0.000000,2,98.8574,1,75.0618
0.5,0.000000,0.000000,2,98.8574,1,75.0618
1,9.606071,9.606071,2,98.8574
1.5,0.000000,0.000000,2,103.554
2,8.440101,8.440101,2,103.711,1,76.3142
2.5,3.345871,3.345871,2,101.206
3,8.440101,8.440101,2,99.3271,1,74.279
3.5,0.000000,0.000000,2,103.554,1,74.279
4,8.440101,8.440101,2,104.493,1,73.0266
4.5,0.000000,0.000000,2,99.014,1,72.4004
5,10.050250,10.050250,2,97.4485,1,72.4004
5.5,0.000000,0.000000,2,104.18,1,74.279
6,8.440101,8.440101,2,104.806,1,73.1832
6.5,0.000000,0.000000,2,102.615,1,72.4004
7,9.439504,9.439504,2,100.893,1,72.2439
7.5,0.000000,0.000000,2,104.806,1,72.4004
8,7.829354,7.829354,2,105.433,1,71.3046
8.5,0.000000,0.000000,2,100.579,1,72.2439
9,9.828160,9.828160,2,99.7967,1,73.0266
9.5,9.828160,9.828160,2,103.397,1,75.5314
10,8.440101,8.440101,2,103.397
10.5,5.851440,5.851440,2,101.519
11,8.440101,8.440101,2,100.423,1,73.6528
11.5,0.000000,0.000000,2,104.806,1,73.3397
12,8.440101,8.440101,2,105.276,1,72.2439
12.5,0.000000,0.000000,2,99.6402,1,72.0873
13,9.994727,9.994727,2,98.5443,1,72.7135
13.5,0.000000,0.000000,2,103.241,1,75.5314
14,8.440101,8.440101,2,103.084,1,74.4356
14.5,0.000000,0.000000,2,101.206,1,73.8094
15,9.439504,9.439504,2,99.9533,1,73.9659
15.5,0.000000,0.000000,2,104.18,1,73.4963
16,8.440101,8.440101,2,104.963,1,72.557
16.5,7.619325,7.619325,2,99.1705,1,71.7742
17,10.161295,10.161295,2,98.3878,1,72.4004
17.5,0.000000,0.000000,2,103.397,1,72.8701
18,7.662787,7.662787,2,103.867,1,71.6177
18.5,0.000000,0.000000,2,101.832
19,8.440101,8.440101,2,100.579,1,71.4611
19.5,0.000000,0.000000,2,104.963,1,70.6784
20,7.551743,7.551743,2,105.902,1,68.4867
20.5,0.000000,0.000000,2,100.893
21,0.000000,0.000000,2,105.902,1,68.7998
21.5,0.000000,0.000000,2,113.573,1,59.2502
22,7.052041,7.052041,2,117.487,1,56.5888
22.5,7.345029,7.345029,2,114.512,1,69.426
23,9.050847,9.050847,2,111.851,1,69.7391
23.5,0.000000,0.000000,2,103.554,1,70.2087
24,7.218608,7.218608,2,103.084,1,71.9308
24.5,0.000000,0.000000,2,102.771,1,72.7135
25,9.328459,9.328459,2,101.988,1,73.0266
25.5,0.000000,0.000000,2,104.65,1,73.3397
26,8.440101,8.440101,2,107.624,1,74.5921
26.5,0.000000,0.000000,2,100.736,1,73.3397
27,9.606071,9.606071,2,100.266,1,74.1225
27.5,0.000000,0.000000,2,106.842,1,77.0969
28,9.050847,9.050847,2,107.311,1,76.9404
28.5,0.000000,0.000000,2,103.554,1,74.7487
29,8.440101,8.440101,2,101.519,1,73.9659
29.5,0.000000,0.000000,2,107.155,1,75.3749
30,0.000000,0.000000,2,107.624,1,73.6528
30.5,0.000000,0.000000,2,101.832,1,74.1225
31,9.272937,9.272937,2,100.736,1,74.1225
31.5,0.000000,0.000000,2,105.902,1,75.5314
32,0.000000,0.000000,2,106.685,1,74.5921
32.5,0.000000,0.000000,2,104.65,1,74.4356
33,8.440101,8.440101,2,103.084,1,74.279
33.5,0.000000,0.000000,2,104.65,1,75.0618
34,8.440101,8.440101,2,105.433,1,75.0618
34.5,0.000000,0.000000,2,99.9533,1,74.279
35,9.550549,9.550549,2,99.1705,1,74.7487
35.5,0.000000,0.000000,2,103.867,1,76.0011
36,8.440101,8.440101,2,104.493,1,75.5314
36.5,0.000000,0.000000,2,102.458,1,75.0618
37,8.440101,8.440101,2,100.893,1,74.5921
37.5,0.000000,0.000000,2,101.832,1,74.7487
38,7.718309,7.718309,2,104.493,1,76.7838
38.5,0.000000,0.000000,2,98.5443,1,74.4356
39,9.772638,9.772638,2,97.9181,1,75.0618
39.5,0.000000,0.000000,2,102.771
40,8.440101,8.440101,2,102.615,1,75.0618
40.5,8.440101,8.440101,2,100.579,1,74.279
41,9.439504,9.439504,2,98.7009,1,73.3397
41.5,0.000000,0.000000,2,103.554
42,8.440101,8.440101,2,103.711
42.5,0.000000,0.000000,2,98.7009,1,72.7135
43,7.283693,7.283693,2,98.3878,1,73.6528
43.5,0.000000,0.000000,2,103.241,1,75.0618
44,8.440101,8.440101,2,103.711,1,74.279
44.5,0.000000,0.000000,2,101.675,1,73.9659
45,9.328459,9.328459,2,99.6402,1,73.3397
45.5,0.000000,0.000000,2,103.867,1,76.0011
46,8.440101,8.440101,2,103.397,1,74.279
46.5,0.000000,0.000000,2,97.2919,1,73.3397
47,10.216817,10.216817,2,96.8223,1,73.4963
47.5,0.000000,0.000000,2,100.893,1,76.7838
48,8.440101,8.440101,2,101.675,1,77.2535
48.5,0.000000,0.000000,2,98.8574
49,8.440101,8.440101,2,97.2919,1,74.1225
49.5,0.000000,0.000000,2,100.893,1,74.4356
50,0.000000,0.000000,2,101.362,1,73.1832
50.5,0.000000,0.000000,2,96.8223,1,73.0266
51,2.388250,2.388250,2,95.7264,1,73.0266
51.5,0.000000,0.000000,2,101.832,1,76.6273
52,8.440101,8.440101,2,101.832,1,75.5314
52.5,0.000000,0.000000,2,99.3271,1,74.279
53,9.661593,9.661593,2,96.8223
53.5,0.000000,0.000000,2,101.519,1,75.0618
54,7.718309,7.718309,2,101.362
54.5,0.000000,0.000000,2,97.4485,1,73.4963
55,10.161295,10.161295,2,95.2568,1,72.557
55.5,0.000000,0.000000,2,99.1705,1,73.1832
56,6.996519,6.996519,2,99.014
56.5,0.000000,0.000000,2,99.4837,1,73.4963
57,9.772638,9.772638,2,96.8223,1,71.9308
57.5,0.000000,0.000000,2,100.579,1,72.2439
58,7.114535,7.114535,2,100.736,1,70.5218
58.5,0.000000,0.000000,2,101.049,1,75.5314
59,9.161892,9.161892,2,97.9181,1,73.9659
59.5,0.000000,0.000000,2,101.362,1,76.0011
60,8.440101,8.440101,2,101.049,1,74.1225
60.5,0.000000,0.000000,2,99.3271,1,73.9659
61,9.717115,9.717115,2,96.5092,1,72.0873
61.5,0.000000,0.000000,2,102.302,1,77.5666
62,8.440101,8.440101,2,102.145,1,77.2535
62.5,0.000000,0.000000,2,94.3175,1,72.4004
63,10.883085,10.883085,2,94.6306,1,73.4963
63.5,0.000000,0.000000,2,113.73
64,0.000000,0.000000,2,114.199,1,92.4389
64.5,0.000000,0.000000,2,107.468,1,86.3334
65,0.000000,0.000000,2,106.998,1,86.49
65.5,0.000000,0.000000,2,106.998,1,83.6721
66,0.000000,0.000000,2,109.816,1,85.081
66.5,0.000000,0.000000,2,104.65
67,8.440101,8.440101,2,104.493,1,82.7328
67.5,0.000000,0.000000,2,109.19
68,8.440101,8.440101,2,109.659,1,83.359
68.5,0.000000,0.000000,2,107.311,1,82.2631
69,6.829951,6.829951,2,105.119,1,81.1673
69.5,0.000000,0.000000,2,106.215,1,78.6624
70,9.217414,9.217414,2,107.624,1,78.0362
70.5,0.000000,0.000000,2,103.397,1,78.5059
71,0.000000,0.000000,2,102.771,1,79.2887
71.5,0.000000,0.000000,2,105.119,1,80.6976
72,0.000000,0.000000,2,106.215
72.5,0.000000,0.000000,2,102.928,1,78.819
73,0.000000,0.000000,2,101.988,1,78.9755
73.5,0.000000,0.000000,2,107.155,1,81.1673
74,9.828160,9.828160,2,107.468,1,79.7583
74.5,0.000000,0.000000,2,100.423,1,76.9404
75,8.440101,8.440101,2,100.266,1,77.8797
75.5,0.000000,0.000000,2,102.145,1,78.9755
76,8.440101,8.440101,2,104.024,1,80.228
76.5,0.000000,0.000000,2,101.519,1,78.6624
77,8.440101,8.440101,2,99.4837,1,77.41
77.5,0.000000,0.000000,2,104.024,1,79.2887
78,8.440101,8.440101,2,104.337,1,77.8797
78.5,0.000000,0.000000,2,98.7009,1,76.4707
79,9.383982,9.383982,2,97.9181
79.5,0.000000,0.000000,2,98.8574,1,77.0969
80,7.607265,7.607265,2,99.1705,1,77.0969
80.5,0.000000,0.000000,2,97.2919
81,8.440101,8.440101,2,97.2919,1,77.0969
81.5,0.000000,0.000000,2,100.736,1,77.5666
82,8.440101,8.440101,2,100.893
82.5,0.000000,0.000000,2,99.1705
83,8.440101,8.440101,2,97.7616,1,75.688
83.5,0.000000,0.000000,2,98.7009,1,76.0011
84,7.385175,7.385175,2,100.423,1,77.41
84.5,0.000000,0.000000,2,96.6657,1,76.3142
85,9.772638,9.772638,2,95.883
85.5,0.000000,0.000000,2,99.7967
86,8.440101,8.440101,2,100.266,1,77.0969
86.5,0.000000,0.000000,2,97.2919,1,74.9052
87,9.939205,9.939205,2,96.1961,1,74.7487
87.5,0.000000,0.000000,2,98.2312,1,76.1576
88,7.329653,7.329653,2,99.6402,1,77.2535
88.5,0.000000,0.000000,2,95.5699,1,75.688
89,0.000000,0.000000,2,102.615,1,78.9755
89.5,0.000000,0.000000,2,106.059,1,75.8445
90,8.440101,8.440101,2,106.528
90.5,0.000000,0.000000,2,103.554,1,73.0266
91,9.161892,9.161892,2,101.832,1,72.4004
91.5,0.000000,0.000000,2,106.842,1,72.4004
92,8.440101,8.440101,2,107.781,1,70.6784
92.5,0.000000,0.000000,2,100.893,1,70.8349
93,9.994727,9.994727,2,100.11,1,71.9308
93.5,0.000000,0.000000,2,103.867,1,75.0618
94,8.440101,8.440101,2,104.65,1,75.3749
94.5,0.000000,0.000000,2,98.0747,1,73.0266
95,10.105772,10.105772,2,97.605,1,73.9659
95.5,0.000000,0.000000,2,105.119,1,78.3493
96,8.440101,8.440101,2,105.433
96.5,0.000000,0.000000,2,99.4837,1,74.9052
97,9.550549,9.550549,2,97.9181
97.5,0.000000,0.000000,2,102.458
98,0.000000,0.000000,2,95.4133,1,74.9052
98.5,0.000000,0.000000,2,94.0044,1,77.7231
99,9.994727,9.994727,2,94.6306
99.5,0.000000,0.000000,2,100.893,1,83.6721
100,7.718309,7.718309,2,101.206,1,83.6721
100.5,0.000000,0.000000,2,101.206,1,83.359
101,7.718309,7.718309,2,101.206,1,82.5762
101.5,0.000000,0.000000,2,102.771,1,80.0714
102,8.440101,8.440101,2,102.928,1,80.0714
102.5,0.000000,0.000000,2,99.7967,1,78.3493
103,8.440101,8.440101,2,99.1705,1,77.8797
103.5,0.000000,0.000000,2,102.302,1,78.5059
104,8.440101,8.440101,2,101.988,1,77.2535
104.5,0.000000,0.000000,2,96.9788,1,75.8445
105,9.828160,9.828160,2,96.6657,1,76.3142
105.5,0.000000,0.000000,2,101.362,1,78.819
106,8.440101,8.440101,2,100.893,1,77.2535
106.5,0.000000,0.000000,2,96.1961,1,75.688
107,9.994727,9.994727,2,95.7264,1,76.0011
107.5,0.000000,0.000000,2,101.049
108,8.440101,8.440101,2,100.579,1,79.7583
108.5,0.000000,0.000000,2,95.4133,1,77.0969
109,9.883682,9.883682,2,95.4133,1,77.8797
109.5,9.883682,9.883682,2,99.4837,1,79.7583
110,0.000000,0.000000,2,99.6402,1,78.9755
110.5,8.440101,8.440101,2,100.266,1,77.0969
111,8.440101,8.440101,2,100.423,1,76.0011
111.5,0.000000,0.000000,2,101.362,1,75.688
112,7.829354,7.829354,2,101.362,1,74.7487
112.5,0.000000,0.000000,2,98.7009,1,76.0011
113,9.495026,9.495026,2,96.6657,1,75.3749
113.5,0.000000,0.000000,2,99.7967,1,75.688
114,7.551743,7.551743,2,99.7967,1,74.1225
114.5,0.000000,0.000000,2,99.7967,1,75.2183
115,9.439504,9.439504,2,98.2312,1,74.9052
115.5,0.000000,0.000000,2,101.049,1,77.0969
116,8.440101,8.440101,2,101.049,1,76.1576
116.5,0.000000,0.000000,2,95.7264,1,74.4356
117,10.272339,10.272339,2,94.6306,1,74.279
117.5,0.000000,0.000000,2,99.014,1,76.4707
118,7.551743,7.551743,2,98.7009,1,75.2183
118.5,0.000000,0.000000,2,98.5443,1,76.0011
119,9.495026,9.495026,2,97.605,1,76.0011
119.5,0.000000,0.000000,2,98.7009,1,76.6273
120,7.496220,7.496220,2,98.5443,1,75.5314
120.5,0.000000,0.000000,2,94.9437,1,74.9052
121,10.327862,10.327862,2,94.3175,1,75.0618
121.5,0.000000,0.000000,2,100.11,1,79.1321
122,8.440101,8.440101,2,99.9533,1,78.1928
122.5,0.000000,0.000000,2,97.9181,1,76.9404
123,9.439504,9.439504,2,95.7264,1,75.5314
123.5,0.000000,0.000000,2,99.4837
124,8.440101,8.440101,2,99.6402,1,78.6624
124.5,0.000000,0.000000,2,94.474,1,75.8445
125,10.272339,10.272339,2,93.8478,1,76.0011
125.5,10.272339,10.272339,2,98.7009,1,78.6624
126,0.000000,0.000000,2,99.3271,1,78.3493
126.5,8.440101,8.440101,2,96.0395
127,8.440101,8.440101,2,95.2568,1,75.688
127.5,0.000000,0.000000,2,97.605
128,8.440101,8.440101,2,99.4837,1,78.6624
128.5,0.000000,0.000000,2,94.1609,1,75.2183
129,0.000000,0.000000,2,94.1609,1,76.3142
129.5,0.000000,0.000000,2,100.11,1,80.0714
130,8.440101,8.440101,2,100.423,1,79.6017
130.5,0.000000,0.000000,2,96.8223,1,76.4707
131,9.717115,9.717115,2,96.1961,1,76.4707
131.5,0.000000,0.000000,2,102.771,1,82.7328
132,9.328459,9.328459,2,102.771,1,82.7328
132.5,0.000000,0.000000
133,8.440101,8.440101,2,95.4133,1,77.8797
133.5,0.000000,0.000000,2,95.5699,1,78.1928
134,9.661593,9.661593,2,95.883,1,78.3493
134.5,0.000000,0.000000,2,95.883
135,8.440101,8.440101,2,96.0395,1,78.6624
135.5,0.000000,0.000000,2,95.2568
136,8.440101,8.440101,2,96.1961,1,78.819
136.5,0.000000,0.000000
137,8.440101,8.440101
137.5,0.000000,0.000000
138,8.440101,8.440101,2,84.4548
138.5,0.000000,0.000000,2,85.7072
139,8.440101,8.440101
139.5,0.000000,0.000000,2,93.2216
140,0.000000,0.000000,2,93.0651,1,76.0011
140.5,0.000000,0.000000,2,91.343
141,8.440101,8.440101,2,90.8734
141.5,0.000000,0.000000,2,92.9085,1,76.4707
142,10.438907,10.438907,2,93.3782
142.5,0.000000,0.000000,2,95.5699
143,8.440101,8.440101,2,95.4133
143.5,0.000000,0.000000,2,96.0395,1,76.4707
144,9.883682,9.883682,2,95.5699,1,75.0618
144.5,0.000000,0.000000,2,98.3878,1,75.3749
145,9.661593,9.661593,2,97.7616,1,73.9659
145.5,0.000000,0.000000,2,99.7967,1,69.7391
146,6.496817,6.496817,2,100.266,1,70.2087
146.5,0.000000,0.000000,2,100.266,1,71.9308
147,9.939205,9.939205,2,99.4837,1,72.0873
147.5,0.000000,0.000000,2,101.362,1,71.9308
148,0.000000,0.000000,2,100.893
148.5,0.000000,0.000000,2,100.893,1,71.4611
149,9.883682,9.883682,2,100.893,1,71.4611
149.5,0.000000,0.000000,2,102.458,1,69.8956
150,6.996519,6.996519,2,101.988,1,68.4867
150.5,0.000000,0.000000,2,102.302,1,71.148
151,9.717115,9.717115,2,100.893,1,70.8349
151.5,0.000000,0.000000,2,101.832,1,71.6177
152,0.000000,0.000000,2,101.675,1,71.3046
152.5,0.000000,0.000000,2,101.675,1,71.3046
153,0.000000,0.000000,2,101.675,1,71.4611
153.5,0.000000,0.000000,2,104.337,1,70.8349
154,0.000000,0.000000,2,104.65,1,68.1736
154.5,0.000000,0.000000,2,104.65,1,70.5218
155,9.383982,9.383982,2,101.832,1,69.8956
155.5,0.000000,0.000000,2,105.276,1,70.8349
156,0.000000,0.000000,2,99.6402,1,73.0266
156.5,0.000000,0.000000,2,96.9788
157,8.440101,8.440101,2,95.5699,1,76.0011
157.5,0.000000,0.000000,2,97.9181,1,77.8797
158,7.607265,7.607265,2,99.1705,1,78.5059
158.5,0.000000,0.000000,2,97.4485
159,8.440101,8.440101,2,96.0395
159.5,0.000000,0.000000,2,96.0395
160,0.000000,0.000000,2,96.8223,1,79.1321
160.5,0.000000,0.000000,2,95.4133
161,8.440101,8.440101,2,95.7264,1,79.1321
161.5,0.000000,0.000000,2,96.6657,1,79.7583
162,9.161892,9.161892,2,98.5443
162.5,0.000000,0.000000,2,99.7967
163,8.440101,8.440101,2,99.4837,1,81.0107
163.5,0.000000,0.000000,2,101.049,1,80.228
164,8.440101,8.440101,2,100.736,1,78.9755
164.5,0.000000,0.000000,2,95.2568,1,76.1576
165,10.050250,10.050250,2,95.5699
165.5,0.000000,0.000000,2,99.7967,1,80.6976
166,8.440101,8.440101,2,99.9533,1,80.228
166.5,0.000000,0.000000,2,101.049,1,79.7583
167,8.440101,8.440101,2,101.049,1,78.3493
167.5,0.000000,0.000000,2,102.458,1,76.4707
168,8.440101,8.440101,2,102.771,1,75.3749
168.5,0.000000,0.000000,2,97.2919
169,8.440101,8.440101,2,96.8223,1,74.279
169.5,0.000000,0.000000,2,98.7009,1,75.3749
170,7.274131,7.274131,2,99.6402,1,75.2183
170.5,0.000000,0.000000,2,99.9533,1,79.2887
171,8.440101,8.440101,2,97.4485
171.5,0.000000,0.000000,2,101.362,1,78.819
172,8.440101,8.440101,2,101.832,1,77.8797
172.5,0.000000,0.000000,2,97.605,1,76.7838
173,9.550549,9.550549,2,95.1002,1,75.5314
173.5,0.000000,0.000000,2,99.6402
174,8.440101,8.440101,2,99.1705,1,78.3493
174.5,8.440101,8.440101,2,94.474,1,75.8445
175,10.272339,10.272339,2,94.3175
175.5,0.000000,0.000000,2,99.9533
176,8.440101,8.440101,2,99.9533,1,79.7583
176.5,0.000000,0.000000,2,94.3175
177,8.440101,8.440101,2,94.0044
177.5,0.000000,0.000000,2,95.7264
178,8.440101,8.440101,2,96.5092,1,77.8797
178.5,0.000000,0.000000,2,92.9085
179,8.440101,8.440101,2,92.5954,1,76.6273
179.5,0.000000,0.000000,2,96.5092
180,8.440101,8.440101,2,96.3526,1,78.0362
180.5,0.000000,0.000000,2,93.6913
181,8.440101,8.440101,2,92.752
181.5,0.000000,0.000000,2,94.1609
182,8.440101,8.440101,2,95.7264,1,79.2887
182.5,0.000000,0.000000,2,91.6561
183,8.440101,8.440101,2,82.5762
183.5,0.000000,0.000000,2,84.7679
184,8.440101,8.440101,2,84.4548,1,68.1736
184.5,0.000000,0.000000,2,83.9852
185,8.440101,8.440101,2,82.8893,1,67.3908
185.5,0.000000,0.000000,2,83.6721
186,8.440101,8.440101,2,85.2376,1,69.1129
186.5,0.000000,0.000000
187,8.440101,8.440101
187.5,0.000000,0.000000,2,72.0873
188,8.440101,8.440101,2,71.6177
188.5,0.000000,0.000000,2,70.6784
189,8.440101,8.440101,2,69.7391
189.5,0.000000,0.000000,2,71.6177
190,8.440101,8.440101,2,70.9915
190.5,0.000000,0.000000
191,8.440101,8.440101
191.5,0.000000,0.000000,2,88.0555
192,8.440101,8.440101,2,86.8031,1,69.5825
192.5,0.000000,0.000000,2,85.8638
193,8.440101,8.440101,2,85.081
193.5,0.000000,0.000000,2,86.0203
194,8.440101,8.440101,2,87.4293
194.5,0.000000,0.000000,2,83.6721,1,68.4867
195,13.492638,13.492638,2,82.2631
195.5,0.000000,0.000000,2,100.11
196,8.440101,8.440101,2,99.9533
196.5,0.000000,0.000000
197,8.440101,8.440101,2,87.5858
197.5,4.953463,4.953463
198,8.440101,8.440101,2,91.0299,1,75.5314
198.5,0.000000,0.000000,2,93.2216
199,8.440101,8.440101,2,93.5347
199.5,0.000000,0.000000,2,94.0044
200,8.440101,8.440101,2,94.1609,1,76.6273
200.5,0.000000,0.000000,2,91.8127
201,8.440101,8.440101,2,89.7775
201.5,0.000000,0.000000,2,91.9692
202,8.440101,8.440101,2,93.5347
202.5,0.000000,0.000000,2,89.4644
203,8.440101,8.440101,2,90.0906,1,74.4356
203.5,0.000000,0.000000,2,93.0651,1,75.688
204,10.549952,10.549952,2,92.9085,1,74.9052
204.5,8.652283,8.652283,2,93.5347,1,75.3749
205,8.652283,8.652283,2,93.3782,1,74.9052
205.5,0.000000,0.000000,2,96.0395,1,75.2183
206,0.000000,0.000000,2,95.883,1,73.8094
206.5,0.000000,0.000000,2,96.0395,1,77.5666
207,0.000000,0.000000,2,96.0395,1,77.5666
207.5,0.000000,0.000000,2,97.9181
208,8.440101,8.440101,2,97.7616,1,78.3493
208.5,0.000000,0.000000,2,92.4389
209,8.440101,8.440101,2,92.9085,1,76.1576
209.5,0.000000,0.000000,2,96.9788,1,78.5059
210,0.000000,0.000000,2,96.8223,1,77.41
210.5,0.000000,0.000000,2,98.7009,1,76.7838
211,9.328459,9.328459,2,99.014,1,76.1576
211.5,5.177503,5.177503,2,99.3271,1,75.688
212,7.440698,7.440698,2,99.3271,1,74.9052
212.5,0.000000,0.000000,2,95.7264,1,74.4356
213,10.272339,10.272339,2,94.9437
213.5,0.000000,0.000000,2,99.1705,1,76.1576
214,7.496220,7.496220,2,99.1705,1,75.2183
214.5,0.000000,0.000000,2,94.474,1,73.6528
215,10.660995,10.660995,2,94.474
215.5,0.000000,0.000000,2,100.423,1,79.7583
216,8.440101,8.440101,2,99.6402,1,78.3493
216.5,0.000000,0.000000,2,94.7871
217,8.440101,8.440101,2,94.474,1,76.7838
217.5,0.000000,0.000000,2,98.8574
218,8.440101,8.440101,2,99.3271,1,78.5059
218.5,6.079027,6.079027,2,97.1354
219,8.440101,8.440101,2,96.6657
219.5,5.013892,5.013892,2,98.7009
220,8.440101,8.440101,2,99.4837,1,78.819
220.5,0.000000,0.000000,2,94.6306,1,77.0969
221,9.994727,9.994727,2,94.474,1,77.2535
221.5,0.000000,0.000000,2,99.7967
222,8.440101,8.440101,2,99.3271
222.5,0.000000,0.000000,2,98.3878
223,8.440101,8.440101,2,96.3526,1,78.819
223.5,0.000000,0.000000,2,98.5443,1,80.3845
224,8.440101,8.440101,2,99.9533
224.5,0.000000,0.000000,2,100.579,1,79.4452
225,8.440101,8.440101,2,101.206,1,79.1321
225.5,8.241902,8.241902,2,102.145,1,77.0969
226,8.440101,8.440101,2,102.615,1,75.8445
226.5,0.000000,0.000000,2,101.675,1,76.0011
227,8.440101,8.440101,2,101.049
227.5,0.000000,0.000000,2,102.302,1,76.6273
228,8.440101,8.440101,2,102.458,1,75.3749
228.5,0.000000,0.000000,2,98.8574,1,76.0011
229,9.439504,9.439504,2,97.1354,1,75.5314
229.5,0.000000,0.000000,2,102.145,1,77.41
230,8.440101,8.440101,2,102.145,1,75.8445
230.5,0.000000,0.000000,2,100.736,1,75.688
231,9.161892,9.161892,2,99.4837,1,75.688
231.5,0.000000,0.000000,2,102.615
232,8.440101,8.440101,2,103.711,1,74.279
232.5,0.000000,0.000000,2,98.0747,1,72.2439
233,10.272339,10.272339,2,97.605,1,73.1832
233.5,10.747168,10.747168,2,103.867,1,75.8445
234,8.440101,8.440101,2,104.963,1,75.3749
234.5,0.000000,0.000000,2,101.675,1,73.0266
235,9.495026,9.495026,2,100.893,1,73.1832
235.5,0.000000,0.000000,2,102.771,1,74.279
236,7.829354,7.829354,2,104.18,1,75.2183
236.5,0.000000,0.000000,2,97.7616
237,8.440101,8.440101,2,97.605,1,73.9659
237.5,0.000000,0.000000,2,102.615
238,8.440101,8.440101,2,103.241,1,73.8094
238.5,0.000000,0.000000,2,101.049
239,8.440101,8.440101,2,99.6402,1,72.557
239.5,8.440101,8.440101,2,104.18,1,72.7135
240,7.773832,7.773832,2,104.806,1,71.3046
240.5,7.773832,7.773832,2,100.423
241,8.440101,8.440101,2,98.7009,1,72.4004
241.5,8.440101,8.440101,2,103.711,1,73.1832
242,7.773832,7.773832,2,104.337,1,71.6177
242.5,0.000000,0.000000,2,103.397,1,72.7135
243,0.000000,0.000000,2,100.579
243.5,0.000000,0.000000,2,106.059,1,72.557
244,8.440101,8.440101,2,106.372,1,70.2087
244.5,8.440101,8.440101,2,101.206,1,71.7742
245,0.000000,0.000000,2,99.6402,1,72.4004
245.5,0.000000,0.000000,2,105.119,1,75.2183
246,8.440101,8.440101,2,105.276,1,72.8701
246.5,0.000000,0.000000,2,103.554,1,73.1832
247,9.106369,9.106369,2,101.832,1,73.0266
247.5,0.000000,0.000000,2,107.468,1,71.9308
248,8.440101,8.440101,2,108.564,1,69.8956
248.5,8.407412,8.407412,2,103.084,1,71.7742
249,9.439504,9.439504,2,100.736,1,72.0873
249.5,0.000000,0.000000,2,107.781,1,72.4004
250,8.440101,8.440101,2,108.877,1,70.2087
250.5,0.000000,0.000000,2,102.771,1,71.7742
251,9.495026,9.495026,2,101.049
251.5,0.000000,0.000000,2,107.781,1,72.4004
252,8.440101,8.440101,2,108.564,1,70.2087
252.5,0.000000,0.000000,2,102.928,1,71.9308
253,9.439504,9.439504,2,101.206,1,72.4004
253.5,0.000000,0.000000,2,108.25,1,73.9659
254,8.440101,8.440101,2,109.19,1,71.7742
254.5,0.000000,0.000000,2,106.528,1,71.148
255,8.440101,8.440101,2,105.433,1,72.2439
255.5,8.361071,8.361071,2,111.068,1,70.0522
