	robot1
td,wD,wI,id,x,y,z,id,x,y,z
660,0.000000,0.000000,1,0.357157,0.236699,0.505101,3,-0.382706,0.217296,0.521230
1320,-8.568115,-9.452137,1,0.500826,0.263162,0.534857
1980,1.927001,-4.155858
2640,5.181304,1.171513,1,0.419014,0.264226,0.640845,3,-0.328210,0.241302,0.694205
3300,-8.227649,-9.747920
3960,-1.682532,2.040425,1,0.202543,0.279919,0.878164,3,-0.570610,0.242833,0.795346
4620,-8.598853,-10.155896
5280,0.000000,0.000000,1,0.467336,0.320208,0.969633
5940,0.000000,0.000000,1,0.467336,0.320208,0.969633,3,-0.299264,0.275338,0.989743
6600,8.354508,9.376353,1,0.457425,0.287711,0.848784,3,-0.305894,0.268902,0.923775
7260,5.923467,7.349671
7920,0.000000,0.000000,1,0.297103,0.268407,0.727648,3,-0.455633,0.235908,0.692948
8580,9.415857,10.692820,1,0.373402,0.280090,0.657124,3,-0.403336,0.222880,0.618841
9240,8.097792,8.339420,1,0.332184,0.232673,0.461092,3,-0.422293,0.202598,0.464792
9900,-8.019000,-9.549443,1,0.378634,0.233573,0.486185,3,-0.365379,0.212740,0.541258
10560,-6.513239,-7.181411,1,0.529812,0.254645,0.541203,3,-0.199786,0.254928,0.756108
11220,-6.294099,-6.420677,1,0.573353,0.276206,0.651943,3,-0.156770,0.267539,0.868892
11880,8.365303,9.002939,1,0.494782,0.266054,0.638993,3,-0.243909,0.259724,0.788553
12540,7.256592,7.577586,1,0.445396,0.250077,0.499058,3,-0.290013,0.229065,0.621068
13200,9.240866,8.123981,3,-0.275447,0.209417,0.492391
13860,0.000000,0.000000
14520,0.000000,0.000000,1,0.428513,0.187308,0.259410,3,-0.238325,0.208812,0.469112
15180,-8.829650,-10.260600,1,0.512656,0.205514,0.302228
15840,0.000000,0.000000,1,0.614648,0.232330,0.356646,3,-0.088567,0.242198,0.655623
16500,-8.499465,-9.030384,1,0.588466,0.231867,0.403399,3,-0.063088,0.258122,0.768158
17160,-7.567086,-7.191608,3,-0.019464,0.286469,0.925695
17820,-0.000000,-0.000000,1,0.683630,0.270073,0.578624,3,0.008386,0.289116,0.948752
18480,8.485340,9.132686,1,0.560575,0.255271,0.553556,3,-0.143758,0.265467,0.844170
19140,5.825927,6.931185,1,0.470189,0.245953,0.478576
19800,0.000000,0.000000,1,0.457322,0.237751,0.454855,3,-0.264161,0.237577,0.656530
20460,8.295357,9.529880,1,0.355144,0.219371,0.406665
21120,0.000000,0.000000,1,0.312597,0.218165,0.399854,3,-0.421696,0.199713,0.444228
21780,9.277589,11.146214,1,0.468038,0.225476,0.408364
22440,-0.000000,-0.000000,1,0.509891,0.244362,0.443393,3,-0.199263,0.243366,0.687023
23100,-9.738246,-10.899372,1,0.627287,0.257983,0.497720
23760,1.947975,-1.837149,3,0.469977,0.287191,0.785737
24420,4.170070,1.034965,3,0.015274,0.285158,0.896287
25080,-0.000000,0.000000,1,0.698001,0.262241,0.495871,3,0.022123,0.273734,0.873646
25740,9.020396,9.242362,1,0.634613,0.240732,0.405436,3,-0.028764,0.261033,0.768969
26400,8.021459,8.075820,1,-0.001428,0.000113,-0.000915,3,-0.112783,0.229521,0.610719
27060,8.733503,8.437118,3,-0.093342,0.207555,0.463883
27720,-4.815065,5.525640,1,0.364304,0.213326,0.314787,3,-0.389815,0.184692,0.323393
28380,9.172302,10.056206
29040,0.000000,0.000000,1,0.419112,0.231582,0.421321,3,-0.307278,0.209043,0.502816
29700,-9.495298,-10.884448,1,0.494158,0.245331,0.484670
30360,-0.000000,-0.000000,1,0.440218,0.258045,0.586715,3,-0.298765,0.230126,0.665223
31020,-8.924257,-10.882373
31680,-4.143902,1.677557,1,0.234479,0.267060,0.808503
32340,-0.000000,0.000000,1,0.264737,0.277888,0.819734,3,-0.489518,0.231359,0.747921
33000,-8.859545,-10.649844
33660,0.000000,0.000000,1,0.685732,0.299716,0.799686,3,-0.067160,0.296960,1.042394
34320,9.803156,9.334126,1,0.637383,0.276697,0.687675,3,-0.098015,0.265731,0.898100
34980,8.470004,8.546194,1,0.562980,0.264709,0.538663,3,-0.167072,0.251347,0.722974
35640,8.249373,8.676430,1,0.476507,0.243344,0.454018,3,-0.262998,0.227479,0.560854
36300,-9.115056,-10.832442,1,0.592273,0.236725,0.386652
36960,0.000000,0.000000,1,0.888521,0.332001,0.549365,3,-0.035725,0.247503,0.700674
37620,-9.249168,-10.680090,1,0.713189,0.269138,0.520318,3,-0.009048,0.270424,0.827580
38280,7.262298,7.926491,1,0.580487,0.271007,0.571732,3,-0.156174,0.265045,0.780392
38940,7.805121,9.078031
39600,0.000000,0.000000,1,0.513090,0.224089,0.372340,3,-0.189713,0.228181,0.577793
40260,9.666446,10.156060,3,-0.131384,0.234765,0.712728
40920,-0.000000,-0.000000,1,0.596807,0.259460,0.538610,3,-0.134658,0.244044,0.745586
41580,-9.394728,-9.721362,1,0.696259,0.242595,0.439026,3,0.096733,0.272214,0.847419
42240,6.486866,8.929841
42900,0.000000,0.000000,1,0.504432,0.266959,0.636961,3,-0.236276,0.250947,0.769208
43560,8.624597,9.404436,1,0.459450,0.257880,0.546400
44220,0.000000,0.000000,1,0.400803,0.247782,0.538797,3,-0.333119,0.223718,0.595190
44880,-8.770827,-9.496016,1,0.524101,0.265989,0.592729,3,-0.215458,0.247390,0.753646
45540,-7.278628,-7.645856,3,-0.102929,0.269099,0.897658
46200,-0.000000,-0.000000,1,0.567619,0.288094,0.800781,3,-0.185634,0.272103,0.944396
46860,8.776220,9.278823,1,0.550129,0.268071,0.654067,3,-0.180394,0.270577,0.865516
47520,7.490011,7.647718,1,0.507863,0.260407,0.531066,3,-0.237953,0.243678,0.691793
48180,8.652283,8.397743,1,0.420082,0.222615,0.386015,3,-0.303388,0.215694,0.526470
48840,7.906930,8.663981,1,0.499518,0.229798,0.392795,3,-0.225339,0.226362,0.596315
49500,-7.854615,-7.466857,3,-0.179314,0.254852,0.758329
50160,-0.000000,-0.000000,1,0.538220,0.259987,0.583230,3,-0.184851,0.260910,0.795344
50820,-8.228835,-9.428580,1,0.686151,0.279149,0.614515,3,-0.025322,0.271842,0.897703
51480,7.465614,9.256393,1,0.661702,0.272113,0.604353
52140,0.000000,0.000000,1,0.617718,0.265590,0.573938,3,-0.103043,0.257523,0.806595
52800,8.576892,9.823859,1,0.474686,0.247520,0.515801
53460,0.000000,0.000000,1,0.434764,0.253164,0.525271,3,-0.300485,0.236221,0.634310
54120,6.241986,7.038702,1,0.416636,0.240361,0.465937
54780,0.000000,0.000000,1,0.364718,0.234031,0.463822,3,-0.371943,0.209741,0.523250
55440,-9.850671,-10.416839,1,0.454018,0.258863,0.553447,3,-0.296658,0.239742,0.661696
56100,-7.013547,-7.803472,1,0.573342,0.274096,0.634397,3,-0.154998,0.271247,0.840764
56760,8.861545,9.260625,1,0.520092,0.265508,0.593491,3,-0.213039,0.259764,0.793089
57420,8.080912,7.974401,1,0.461384,0.244577,0.451764,3,-0.263175,0.233639,0.612496
58080,7.523030,8.085490,1,0.381687,0.219604,0.388218,3,-0.360279,0.209979,0.458105
58740,-8.751881,-9.864597,1,0.426368,0.231407,0.414233,3,-0.306139,0.211184,0.537464
59400,-8.154362,-8.895940,1,0.536671,0.263767,0.527081,3,-0.192225,0.247715,0.721876
60060,-8.502803,-9.663769
60720,-0.000000,-0.000000,1,0.655592,0.281990,0.666992,3,-0.064946,0.273001,0.927212
61380,9.470525,9.678513,1,0.628229,0.263617,0.572966,3,-0.093133,0.264978,0.828194
62040,6.162965,7.306744,1,0.545802,0.255725,0.480907
62700,0.000000,0.000000,1,0.472121,0.247953,0.476374,3,-0.255474,0.238529,0.630015
63360,9.171766,8.198326,3,-0.236024,0.214463,0.532966
64020,0.000000,0.000000,1,0.637117,0.259341,0.395949,3,-0.199256,0.210911,0.522434
64680,-8.948418,-9.409508
65340,1.808922,-3.083344,3,0.388928,0.263762,0.621725
66000,4.855983,0.999928,1,0.557262,0.217940,0.353187,3,-0.084411,0.248141,0.683169
66660,-8.931746,-8.892917,1,0.622274,0.234753,0.416005
67320,-0.000000,-0.000000,3,-0.039462,0.264827,0.829828
67980,0.000000,0.000000,1,0.666389,0.264103,0.524779,3,-0.039462,0.264827,0.829828
68640,8.671638,10.013394,1,0.557308,0.251422,0.486032
69300,0.000000,0.000000,1,0.522637,0.241187,0.452380,3,-0.200548,0.249123,0.683511
69960,9.271015,9.894282,1,0.424933,0.241731,0.440726
70620,0.000000,0.000000
71280,0.000000,0.000000,1,0.392045,0.221736,0.389933,3,-0.342859,0.206137,0.466129
71940,-8.940520,-8.831512,1,0.439925,0.234263,0.442922,3,-0.281595,0.228144,0.610873
72600,-7.196883,-7.523661,1,0.561112,0.268426,0.574511,3,-0.172015,0.260018,0.798820
73260,-8.943830,-8.352841
73920,0.000000,0.000000,1,0.516310,0.289726,0.786035,3,-0.213194,0.272001,0.941196
74580,8.752369,9.809894,1,0.435177,0.277923,0.731232
75240,0.000000,0.000000,1,0.403615,0.264712,0.682854,3,-0.331482,0.244656,0.773979
75900,8.631235,8.457229,1,0.398631,0.256375,0.590622,3,-0.353279,0.241536,0.705166
76560,8.251215,8.288897,1,0.340111,0.221330,0.425188,3,-0.401945,0.214112,0.523847
77220,-7.817168,-8.847064,1,0.477243,0.232069,0.418278
77880,4.222615,-5.147583
78540,-1.001581,1.073055,1,0.528480,0.241689,0.434659,3,-0.192017,0.243035,0.687236
79200,-9.662133,-9.463675,1,0.544083,0.253796,0.523263,3,-0.156539,0.260682,0.820051
79860,7.646507,8.534696,1,0.492160,0.252240,0.520164,3,-0.222176,0.251996,0.753121
80520,7.771604,8.392356,1,0.420286,0.230790,0.407584,3,-0.312619,0.222188,0.573708
81180,8.570454,8.581580,1,0.381077,0.234543,0.465649,3,-0.348944,0.230181,0.618500
81840,-7.737897,-7.877275,1,0.460962,0.264521,0.609552,3,-0.270154,0.259688,0.807092
82500,-8.302046,-8.110132,1,0.547964,0.291595,0.780884,3,-0.200634,0.271928,0.971644
83160,7.652471,8.234122,1,0.465100,0.289338,0.783310
83820,4.781265,-5.586990
84480,1.056915,1.034944
85140,-0.000000,0.000000,1,0.506426,0.273687,0.693448,3,-0.229532,0.264581,0.882683
85800,8.523344,9.412893,1,0.391563,0.281441,0.687904
86460,0.000000,0.000000,1,0.320147,0.254402,0.609419,3,-0.419160,0.234554,0.664632
87120,9.038312,9.581642,1,0.288827,0.237648,0.515085,3,-0.472777,0.219167,0.572508
87780,-7.611291,-8.259897,1,0.388447,0.238137,0.493098,3,-0.349975,0.236953,0.667561
88440,-6.871423,-7.428348,1,0.542329,0.265078,0.567154
89100,-0.000000,-0.000000,1,0.571523,0.263146,0.570666,3,-0.116774,0.278520,0.893919
89760,8.585803,9.717752
90420,0.000000,0.000000,1,0.374887,0.242430,0.530923,3,-0.349435,0.234722,0.669915
91080,9.055385,9.478101,1,0.280604,0.229772,0.474250,3,-0.457832,0.206369,0.516297
91740,-6.860014,-8.248398,1,0.432027,0.221794,0.405833
92400,4.035186,-3.431281,3,0.239240,0.265413,0.687682
93060,-1.030025,4.625265,1,0.447848,0.234461,0.440479,3,-0.262705,0.237851,0.691154
93720,-9.670763,-9.503920,3,-0.221756,0.253529,0.792166
94380,-0.000000,-0.000000,1,0.442978,0.257093,0.603845,3,-0.265508,0.258606,0.828687
95040,8.717379,10.266135
95700,0.000000,0.000000,1,0.281251,0.237454,0.524640,3,-0.463587,0.232205,0.628763
96360,6.120679,6.305917,1,0.253324,0.229311,0.463800,3,-0.494880,0.210227,0.515524
97020,-8.644779,-9.188944,1,0.335732,0.237878,0.498343,3,-0.396683,0.224107,0.632238
97680,-7.127778,-7.619325,1,0.450568,0.258896,0.587600,3,-0.243893,0.264876,0.831174
98340,8.361182,9.078949,1,0.422677,0.252369,0.547987,3,-0.296227,0.262427,0.801150
99000,8.184543,8.311386,1,0.396881,0.223823,0.396271,3,-0.301826,0.220660,0.605871
99660,8.834494,9.073571,1,0.406516,0.222268,0.283234,3,-0.340886,0.203473,0.455429
100320,-7.990940,-8.844074,1,0.442095,0.217696,0.292178
100980,-0.000000,-0.000000,1,0.471453,0.221134,0.313238,3,-0.242341,0.227248,0.591813
101640,-8.634201,-9.228644,1,0.506947,0.216864,0.335556,3,-0.137635,0.245487,0.725818
102300,-8.056136,-7.757779,1,0.610864,0.258581,0.466455,3,-0.025038,0.277496,0.878150
102960,7.477526,8.187211,1,0.506701,0.246610,0.462780,3,-0.138177,0.256958,0.802133
103620,7.579689,8.733503,1,0.438918,0.223587,0.356786
104280,0.000000,0.000000,1,0.394611,0.218384,0.349850,3,-0.302021,0.222731,0.587087
104940,-8.168999,-9.718504
105600,0.000000,0.000000,1,0.540466,0.231714,0.376186,3,-0.071357,0.261269,0.788757
106260,-6.934093,-7.223289,1,0.619692,0.251434,0.445587
106920,1.469638,1.727748
107580,-0.957033,4.366751,3,0.004354,0.282920,0.925544
108240,-0.000000,0.000000,1,0.610195,0.252655,0.477199,3,0.010536,0.281103,0.920037
108900,8.319754,9.576382,1,0.450328,0.244589,0.485102
109560,0.000000,0.000000,1,0.435176,0.238395,0.453085,3,-0.241684,0.248895,0.749709
110220,8.655026,9.481535,1,0.368931,0.220361,0.378685,3,-0.319409,0.228100,0.628223
110880,7.952588,8.097062,1,0.332937,0.188559,0.229807,3,-0.351516,0.200644,0.454611
111540,7.490279,8.136612
112200,-1.800278,4.376215,1,0.293857,0.212612,0.327161,3,-0.416365,0.210174,0.494534
112860,-8.778183,-9.526988,1,0.400623,0.225135,0.375544,3,-0.279397,0.239058,0.689803
113520,-8.505221,-7.808517,3,-0.083369,0.269223,0.844857
114180,-0.000000,-0.000000,1,0.521819,0.259236,0.515174,3,-0.117046,0.269555,0.872987
114840,8.710246,9.744895,1,0.399950,0.238912,0.468200,3,-0.274202,0.253787,0.768672
115500,7.787505,7.644925,1,0.378792,0.211942,0.311575,3,-0.298720,0.221130,0.597326
116160,-8.602386,-8.663025,1,0.411273,0.223407,0.359234,3,-0.254019,0.233769,0.677520
116820,-8.576423,-8.007344,3,-0.105630,0.275824,0.872114
117480,1.617527,-3.906153,3,0.453648,0.290732,0.826457
118140,-1.018289,3.797843
118800,0.000000,0.000000,1,0.588235,0.253584,0.451862,3,-0.002363,0.286280,0.924971
119460,8.752613,9.850826,1,0.361981,0.234686,0.475056,3,-0.317973,0.248142,0.773006
120120,8.297659,7.874509,3,-0.326535,0.223487,0.596210
120780,0.000000,0.000000,1,0.358902,0.207707,0.269679,3,-0.309730,0.218031,0.564985
121440,-9.154386,-9.458828,1,0.426870,0.220274,0.338870,3,-0.202763,0.233075,0.691281
122100,-8.739458,-7.336363,3,-0.064397,0.271260,0.870566
122760,-1.406382,4.909395,1,0.077421,0.244609,0.633001,3,-0.640062,0.238116,0.706365
123420,-10.002867,-10.861669,1,0.305038,0.262055,0.725004,3,-0.401658,0.274494,1.002222
124080,5.042719,7.446758
124740,1.358951,-1.338212,1,-0.331102,0.252238,0.723902
125400,0.963449,-6.041947
126060,0.000000,0.000000,1,0.238201,0.264281,0.740556,3,-0.466986,0.265152,0.982044
126720,9.553801,10.661053
127380,0.000000,0.000000,1,0.188094,0.257191,0.599167,3,-0.518143,0.261378,0.778514
128040,9.641662,9.167749,3,-0.216700,0.253504,0.810764
128700,0.000000,0.000000,1,0.375402,0.219784,0.396720,3,-0.230343,0.240709,0.770817
129360,6.326818,6.548010,1,0.370951,0.216246,0.334727,3,-0.253966,0.230059,0.700203
130020,8.980281,8.976943,3,-0.296375,0.208472,0.523311
130680,-1.870740,1.645263
131340,0.965999,4.274435
